Best params: {'eps': np.float64(0.8200000000000003), 'minpts': 10}
silhouette: 0.5108084808380122
davies_bouldin: 3.1970977798153855
calinski_harabasz: 113.26547539929923
n_clusters: 2
